[gd_scene load_steps=3 format=3 uid="uid://drpm8la1342uf"]

[ext_resource type="PackedScene" uid="uid://sxxbh6vr24pj" path="res://models/Town.glb" id="1_wdjny"]
[ext_resource type="Script" path="res://scripts/AnimationObject.cs" id="2_32nqb"]

[node name="Town" instance=ExtResource("1_wdjny")]
script = ExtResource("2_32nqb")

[node name="Skeleton3D" parent="Town Rig" index="0"]
bones/0/position = Vector3(221.111, 16.7087, 9.97311)
bones/0/rotation = Quaternion(-0.0988433, 0.105279, -0.0357964, 0.988871)
bones/2/position = Vector3(464.097, 82.3543, -7.27659)
bones/2/rotation = Quaternion(-0.031587, -0.0631403, 0.340494, 0.937592)
bones/4/position = Vector3(161.263, 330.543, -0.814494)
bones/4/rotation = Quaternion(0.113744, 0.000759982, -0.126589, 0.985412)

[node name="Town 1" parent="Town Rig/Skeleton3D" index="0"]
transform = Transform3D(0.97527, 0.0499837, 0.215291, -0.0916082, 0.977897, 0.187949, -0.201138, -0.203024, 0.958293, 466.749, 142.574, -69.898)

[node name="Town 3" parent="Town Rig/Skeleton3D" index="1"]
transform = Transform3D(0.760154, -0.634501, -0.13991, 0.642478, 0.766132, 0.0162337, 0.0968894, -0.102229, 0.990031, 119.615, 21.1037, -54.9541)

[node name="Town 2" parent="Town Rig/Skeleton3D" index="2"]
transform = Transform3D(0.967949, 0.249658, -0.0272997, -0.249312, 0.942075, -0.224362, -0.0302953, 0.223977, 0.974124, 242.619, 83.2847, -55.4835)
